SM:2023-01-17T17:34:50.6226770Z
LM:2023-01-17T17:34:50.9687053Z
CT:image/png
MA:2592000
CL:38165
