SM:2023-01-18T17:44:12.7620015Z
LM:2023-01-18T17:44:12.8932628Z
CT:image/png
MA:2592000
CL:48445
