SM:2023-01-18T18:14:48.1283120Z
LM:2023-01-18T18:14:48.2314988Z
CT:image/png
MA:2592000
CL:9956
