SM:2023-01-18T03:51:46.0090906Z
LM:2023-01-18T03:51:46.0724307Z
CT:image/png
MA:2592000
CL:55085
