SM:2023-01-18T18:42:40.5641039Z
LM:2023-01-18T18:42:40.7797212Z
CT:image/png
MA:2592000
CL:3778
