SM:2023-01-18T18:37:52.1315779Z
LM:2023-01-18T18:37:52.3845174Z
CT:image/png
MA:2592000
CL:60816
