SM:2023-01-18T18:41:31.4534475Z
LM:2023-01-18T18:41:35.3725114Z
CT:image/png
MA:2592000
CL:38628
