SM:2023-01-18T17:50:00.2855862Z
LM:2023-01-18T17:50:20.8456608Z
CT:image/png
MA:2592000
CL:4399
