SM:2023-01-18T18:05:28.9822122Z
LM:2023-01-18T18:06:24.8029902Z
CT:image/png
MA:2592000
CL:83540
