SM:2023-01-17T17:34:50.7597034Z
LM:2023-01-17T18:30:39.2659296Z
CT:image/png
MA:2592000
CL:280283
