SM:2023-01-18T18:05:28.9822122Z
LM:2023-01-18T18:08:11.7600916Z
CT:image/png
MA:2592000
CL:4238
