SM:2023-01-18T18:01:34.5499650Z
LM:2023-01-18T18:01:34.6514015Z
CT:image/png
MA:2592000
CL:11018
