SM:2023-01-17T19:09:19.2828746Z
LM:2023-01-17T19:09:20.1943312Z
CT:image/jpeg
MA:2592000
CL:8695
