SM:2023-01-18T18:12:47.3604194Z
LM:2023-01-18T18:13:25.8112410Z
CT:image/png
MA:2592000
CL:56177
