SM:2023-01-17T18:58:01.7222510Z
LM:2023-01-17T18:58:02.2616566Z
CT:image/png
MA:2592000
CL:27909
