SM:2023-01-17T18:58:01.8562288Z
LM:2023-01-17T18:58:02.3585676Z
CT:image/png
MA:2592000
CL:35601
