SM:2023-01-18T17:49:44.4143802Z
LM:2023-01-18T17:50:20.8374877Z
CT:image/png
MA:2592000
CL:4399
