SM:2023-01-18T03:52:37.5956776Z
LM:2023-01-18T03:52:37.6478695Z
CT:image/png
MA:2592000
CL:58902
