SM:2023-01-18T17:42:54.0492323Z
LM:2023-01-18T17:42:55.0327836Z
CT:image/png
MA:2592000
CL:29868
