SM:2023-01-17T07:38:26.6478766Z
LM:2023-01-17T07:42:50.7997382Z
CT:image/jpeg
MA:2592000
CL:19609
