SM:2023-01-18T03:58:02.8844692Z
LM:2023-01-18T03:58:02.9497005Z
CT:image/png
MA:2592000
CL:42990
