SM:2023-01-18T03:50:35.0070018Z
LM:2023-01-18T03:50:35.2713340Z
CT:image/png
MA:2592000
CL:51706
