SM:2023-01-18T18:04:16.4863958Z
LM:2023-01-18T18:04:16.5732225Z
CT:image/png
MA:2592000
CL:9524
