SM:2023-01-18T17:45:27.3994564Z
LM:2023-01-18T17:45:27.5325799Z
CT:image/png
MA:2592000
CL:35162
