SM:2023-01-17T07:38:26.6478766Z
LM:2023-01-17T07:38:28.3114402Z
CT:image/jpeg
MA:2592000
CL:412650
