SM:2023-01-17T17:06:30.6867195Z
LM:2023-01-17T17:06:31.0688073Z
CT:image/png
MA:2592000
CL:72318
