SM:2023-01-18T18:38:38.9945532Z
LM:2023-01-18T18:38:39.2102476Z
CT:image/png
MA:2592000
CL:51836
