SM:2023-01-17T17:34:50.7597034Z
LM:2023-01-17T17:34:52.0033358Z
CT:image/png
MA:2592000
CL:48360
