SM:2023-01-17T17:34:50.7976968Z
LM:2023-01-17T17:34:52.1610232Z
CT:image/png
MA:2592000
CL:50756
