SM:2023-01-18T17:51:40.2614338Z
LM:2023-01-18T17:51:40.3381220Z
CT:image/png
MA:2592000
CL:3729
