SM:2023-01-17T07:38:26.6508783Z
LM:2023-01-17T07:42:50.7511924Z
CT:image/jpeg
MA:2592000
CL:40636
