SM:2023-01-17T07:38:26.6448761Z
LM:2023-01-17T07:38:39.9425834Z
CT:image/jpeg
MA:2592000
CL:900946
