SM:2023-01-18T03:53:49.7336774Z
LM:2023-01-18T03:53:49.7885458Z
CT:image/png
MA:2592000
CL:65713
