SM:2023-01-17T17:34:50.5556897Z
LM:2023-01-17T17:34:50.9298544Z
CT:image/png
MA:2592000
CL:31854
