SM:2023-01-17T18:58:01.7242513Z
LM:2023-01-17T18:58:01.9531555Z
CT:image/png
MA:2592000
CL:34511
