SM:2023-01-18T18:22:25.3898045Z
LM:2023-01-18T18:22:25.4882977Z
CT:image/png
MA:2592000
CL:31431
