SM:2023-01-18T18:27:12.9958310Z
LM:2023-01-18T18:27:13.1007020Z
CT:image/png
MA:2592000
CL:67950
