SM:2023-01-17T07:38:26.6448761Z
LM:2023-01-17T07:42:50.8151906Z
CT:image/jpeg
MA:2592000
CL:56859
