SM:2023-01-18T18:36:34.5866222Z
LM:2023-01-18T18:36:34.7135755Z
CT:image/png
MA:2592000
CL:67456
