SM:2023-01-18T17:44:12.7620015Z
LM:2023-01-18T18:10:45.9336636Z
CT:image/png
MA:2592000
CL:643120
