SM:2023-01-18T18:33:31.4287386Z
LM:2023-01-18T18:33:31.5542758Z
CT:image/png
MA:2592000
CL:13018
