SM:2023-01-18T17:50:08.0476427Z
LM:2023-01-18T17:50:20.8412259Z
CT:image/png
MA:2592000
CL:4399
