SM:2023-01-17T16:37:23.0314408Z
LM:2023-01-17T16:37:25.9530423Z
CT:image/png
MA:2592000
CL:19230
